0 1016 365 237 240 173 208 118 47 167 217 129 54 160 248 135 52 164 267 130 66 159 286 144 69 376 253 177 172 132 369 195 119 35 646 371 63 0 238 71 105 100 450 225 178 717 136 120 89 409 367 193 137 702 380 203 141 489 581 271 133 460 459 217 156 806 225 170 156 572 214 142 112 
1 1009 348 240 248 159 248 137 52 140 334 176 104 173 206 123 49 161 285 141 68 164 266 131 69 133 364 195 124 29 644 382 64 99 450 227 182 376 253 175 173 0 238 72 111 723 132 115 85 412 365 191 135 693 364 202 145 487 579 275 137 460 458 222 151 560 210 148 109 806 228 166 139 
2 995 340 245 238 172 205 123 48 139 333 178 108 164 264 136 76 133 361 197 129 725 126 111 88 378 251 172 174 28 643 387 66 97 446 229 180 0 236 70 117 412 363 187 137 675 350 208 142 794 221 165 133 488 575 273 142 458 454 223 155 555 198 148 108 
3 991 319 233 243 0 382 19 135 138 336 178 105 165 265 133 76 377 248 176 175 134 361 194 126 19 643 407 67 95 447 232 176 0 238 66 121 412 361 185 134 677 332 187 139 724 117 148 87 542 187 148 108 491 572 267 147 458 454 222 154 788 211 157 132 
4 991 318 224 213 377 245 177 175 136 339 183 102 162 264 136 76 133 364 196 121 412 356 185 136 95 444 230 178 26 639 394 75 0 241 64 123 668 322 184 142 730 115 150 85 552 187 133 92 787 210 152 126 495 571 262 150 460 452 218 158 
5 982 311 223 210 353 188 135 118 155 215 143 67 135 339 184 104 1164 549 118 169 159 264 140 75 937 655 324 64 376 246 174 172 131 364 197 123 93 443 231 176 23 636 401 80 0 251 59 131 413 354 182 138 743 109 145 82 656 310 183 140 539 177 134 93 491 567 266 156 787 205 146 126 460 451 218 154 
6 966 294 211 205 1159 533 121 179 155 218 141 62 130 362 200 127 136 333 184 110 161 261 138 76 374 240 183 178 93 438 231 180 913 631 314 85 31 631 386 90 0 248 56 138 512 164 149 105 646 298 192 137 411 352 185 135 749 101 146 86 778 189 144 136 493 566 261 158 458 446 215 158 
7 956 286 215 205 154 219 144 59 377 198 105 54 162 244 132 61 364 200 119 90 128 361 199 128 134 333 184 108 1142 496 140 210 160 262 142 71 91 433 233 187 370 222 176 162 0 250 54 140 764 96 158 76 30 629 386 89 639 281 178 135 775 185 140 130 413 355 183 129 512 160 149 89 898 607 319 112 492 564 261 161 460 443 212 157 
8 943 276 221 204 371 195 109 59 130 323 188 113 161 242 135 66 370 226 175 155 88 425 237 191 1118 491 166 208 773 176 134 128 0 259 47 128 774 93 145 75 402 331 198 143 32 619 386 101 888 593 309 132 634 269 173 130 461 437 213 162 515 151 129 84 485 559 265 164 
9 351 175 135 115 358 188 106 81 370 224 174 156 161 241 133 70 750 166 150 128 99 404 216 186 128 318 191 123 1104 466 175 238 0 259 41 130 397 328 206 142 28 622 391 97 866 563 301 153 627 261 169 130 783 86 139 75 510 140 129 89 458 434 218 164 484 555 267 164 
10 922 249 206 199 771 77 177 99 164 243 131 69 369 225 170 152 1091 455 192 241 358 183 104 83 95 405 220 184 746 161 143 121 126 319 188 120 0 264 35 129 795 82 143 73 400 329 203 137 848 542 295 171 24 622 398 96 509 127 122 92 456 432 218 165 618 244 161 121 485 552 263 165 
11 911 237 203 201 368 239 183 156 162 241 131 73 357 175 102 91 0 285 33 118 95 403 219 187 128 323 187 116 823 516 302 203 789 74 172 72 1075 444 203 199 398 325 205 139 736 154 144 124 490 122 130 88 15 619 420 97 454 419 218 161 609 238 166 119 483 552 265 166 
12 901 226 202 205 358 174 101 89 163 238 129 77 806 61 190 91 0 283 28 126 368 217 170 160 94 401 220 187 129 323 186 117 824 498 285 203 1059 426 221 199 729 141 140 127 398 321 207 144 483 117 134 85 17 617 409 97 608 220 155 123 454 417 214 162 483 550 266 166 
13 886 219 182 170 151 184 146 79 0 284 23 133 162 238 131 75 357 168 110 77 128 323 186 115 95 399 218 190 367 219 171 156 818 57 173 100 1045 404 236 200 18 618 407 97 483 108 121 87 601 213 156 119 399 323 204 141 806 485 273 190 722 141 142 120 452 417 218 163 480 549 268 166 
14 883 223 193 185 147 186 137 75 162 239 131 74 354 163 114 83 363 217 173 160 95 398 217 188 128 325 186 115 1028 398 246 202 838 68 165 69 710 134 147 122 10 620 418 94 399 321 202 142 784 470 285 187 472 104 122 81 594 191 148 129 452 417 218 159 479 550 266 165 
15 1021 380 239 220 870 206 192 186 145 186 141 73 140 237 146 73 852 62 180 67 1010 393 264 197 351 162 117 78 127 326 186 115 96 396 216 190 361 217 176 161 12 618 413 96 398 322 202 140 706 131 144 118 465 98 122 86 778 458 273 178 592 191 143 125 450 418 219 155 478 549 269 167 
16 854 200 200 184 144 185 140 76 96 398 216 186 123 324 187 117 140 237 146 75 348 160 121 83 361 219 177 159 863 48 181 90 6 620 422 92 991 386 267 177 464 93 113 85 704 125 136 113 399 324 200 138 585 186 146 123 449 419 219 153 480 549 264 166 765 436 257 186 
17 848 197 193 176 848 197 193 176 144 183 140 80 140 240 144 71 122 326 189 114 94 399 219 185 360 219 179 162 893 55 162 74 344 148 133 108 8 617 418 97 693 123 139 115 980 376 244 179 399 324 201 137 444 92 133 82 576 185 146 114 757 421 262 188 448 420 221 150 479 548 265 167 
18 833 202 195 158 361 220 177 159 906 48 138 72 143 184 140 79 121 326 189 114 335 156 97 86 140 241 143 69 94 398 220 185 398 325 202 136 5 619 422 93 971 362 243 179 571 181 145 109 690 122 131 114 449 84 114 83 742 422 256 163 479 547 265 169 448 420 221 152 
19 828 196 191 162 361 220 180 157 144 185 141 77 93 399 219 184 140 241 145 69 335 152 101 88 122 328 187 112 398 325 201 136 955 355 244 167 2 620 426 92 566 175 150 106 444 78 110 84 688 121 129 109 735 408 238 162 449 421 220 151 477 547 266 170 
20 937 48 117 66 79 400 224 185 362 220 177 159 825 176 177 159 145 186 135 77 123 327 189 115 141 236 142 77 337 150 102 90 942 345 240 172 392 323 185 134 0 620 430 92 552 180 152 91 440 73 110 90 678 117 135 108 729 397 237 167 448 421 220 149 476 547 267 171 
21 822 191 184 155 363 223 171 154 78 401 227 182 125 329 185 111 143 189 139 68 141 236 143 78 391 323 185 134 334 147 105 92 546 172 151 94 934 337 230 164 0 621 433 91 446 71 96 79 675 111 132 113 708 382 262 172 477 545 265 172 447 421 221 150 
22 948 656 317 67 360 237 192 159 79 402 226 184 143 189 138 67 123 331 187 109 810 170 167 153 331 143 108 94 141 236 142 79 391 324 185 135 922 321 235 168 545 166 145 97 426 65 112 78 0 619 432 93 666 100 131 118 701 383 255 156 475 547 266 169 448 422 221 150 
23 150 179 124 56 361 240 190 155 816 215 163 116 956 635 288 83 141 189 139 65 78 405 226 179 119 333 190 106 809 169 161 150 141 235 144 80 329 140 111 87 391 323 185 135 917 322 221 159 546 148 127 113 0 618 435 94 660 96 129 123 421 59 111 75 702 373 237 149 448 422 218 150 474 545 265 171 
24 86 559 247 71 151 178 122 57 362 221 174 154 79 404 225 178 807 170 162 154 144 190 136 63 120 330 190 110 141 237 142 77 325 140 115 85 543 141 128 113 392 321 184 136 1 619 433 94 906 612 315 109 657 91 126 123 906 315 219 154 418 50 109 83 697 355 224 155 449 421 219 149 474 543 268 174 
25 788 160 168 151 88 557 244 73 155 173 119 65 147 191 132 63 1117 44 99 66 362 218 174 157 80 402 224 181 319 135 118 86 124 327 189 114 143 235 139 79 647 84 127 125 398 322 200 142 5 616 428 98 530 134 132 105 891 305 219 154 421 42 99 81 895 599 313 123 450 418 216 154 686 346 227 145 475 542 265 174 
26 787 155 161 152 85 557 248 73 146 191 132 63 303 121 139 110 155 170 120 68 363 213 174 159 80 400 224 179 309 128 104 87 1119 38 101 73 122 325 191 118 527 136 130 93 658 87 115 111 142 232 141 84 396 319 204 145 5 616 425 98 407 32 107 76 884 298 215 151 884 576 276 142 681 334 219 141 450 417 215 154 474 544 265 170 
27 89 557 241 73 364 215 172 158 152 168 123 71 780 159 156 137 80 400 225 181 308 127 104 88 120 326 193 114 143 231 141 84 397 319 201 145 403 27 110 80 638 85 129 102 4 618 424 95 513 136 134 91 873 282 213 145 450 418 213 155 681 334 197 134 860 558 287 161 474 542 266 173 
28 365 207 168 167 331 129 92 88 148 164 131 77 92 397 223 181 166 233 118 80 769 140 156 133 118 324 196 119 300 120 113 93 396 318 203 145 868 277 203 147 3 617 426 98 632 78 125 108 512 124 121 95 854 539 278 167 402 22 104 75 667 321 203 137 449 419 216 153 473 542 268 173 
29 765 149 165 143 364 207 167 165 760 132 165 149 93 398 223 178 152 166 125 74 287 118 99 83 640 69 108 115 168 234 116 75 118 322 199 123 860 265 198 148 3 616 427 99 397 317 203 147 507 118 124 97 825 520 291 189 395 14 106 69 659 310 205 137 450 418 213 152 473 542 268 172 
30 365 203 164 166 90 553 240 74 135 283 140 73 348 133 61 89 92 398 224 176 752 133 151 132 149 162 127 80 167 232 118 79 117 319 200 128 6 616 422 98 629 70 113 102 494 116 133 86 396 317 204 145 283 115 104 81 826 507 256 185 850 265 194 134 398 8 98 71 450 417 212 154 471 542 271 170 645 299 210 135 
31 85 551 248 74 133 282 143 72 747 129 148 134 91 401 225 170 165 232 121 78 151 160 127 83 10 616 416 99 115 318 203 130 389 314 190 140 839 257 201 136 494 112 124 86 275 109 115 88 621 69 114 97 823 487 250 191 391 2 97 70 639 288 207 134 451 415 210 156 471 542 271 170 
32 85 549 248 74 79 404 226 167 742 121 147 143 164 233 123 75 146 160 132 79 13 614 413 100 111 316 206 132 388 315 189 139 272 108 114 87 828 228 196 149 815 468 249 195 489 105 120 82 611 66 123 96 383 0 102 62 634 286 199 130 449 415 210 155 467 542 274 169 
33 89 550 240 74 244 98 145 105 79 404 226 170 154 219 120 64 361 202 151 153 164 232 123 74 737 119 147 140 277 111 103 83 109 316 207 129 143 160 139 74 14 614 409 100 387 316 192 138 611 55 113 101 487 100 115 87 378 0 100 55 779 457 265 181 635 274 189 133 826 232 188 136 467 542 273 171 447 417 211 153 
34 732 113 145 141 91 548 237 75 156 220 117 64 287 111 86 78 362 199 150 154 91 402 227 171 247 106 118 81 165 232 121 74 388 313 188 141 13 614 412 101 110 314 208 137 144 159 136 72 609 47 113 103 471 100 125 82 469 540 272 173 378 0 92 51 449 415 213 156 628 263 186 134 820 223 177 135 776 439 245 183 
35 731 109 135 135 359 196 153 156 155 221 118 64 92 402 224 170 91 547 236 76 164 232 124 75 250 106 110 81 110 314 207 138 12 615 412 99 388 315 187 138 145 159 133 73 601 45 112 97 466 92 119 85 376 0 90 47 761 424 257 187 469 541 270 172 447 414 213 157 813 217 171 136 622 259 186 128 
36 727 115 137 127 89 547 239 76 354 177 160 158 157 221 116 62 81 408 222 164 252 101 98 89 167 235 118 70 209 91 141 104 983 627 309 92 13 615 408 99 108 315 206 134 387 313 188 139 143 162 135 71 370 0 92 40 599 37 105 100 466 88 110 87 750 424 246 171 469 542 267 172 446 415 213 157 805 216 171 131 611 251 192 129 
37 710 106 131 131 363 192 165 162 88 547 241 78 167 237 117 68 156 221 116 62 77 407 229 162 225 91 115 86 6 617 413 96 386 312 184 141 105 318 210 128 141 164 135 68 368 0 89 39 590 34 108 100 466 81 107 88 743 410 235 166 798 213 163 121 469 543 267 173 447 419 208 154 601 240 191 130 
38 699 104 133 130 363 192 165 160 88 545 242 80 155 218 117 66 145 231 137 74 75 404 231 165 141 146 136 70 363 0 87 35 195 92 127 81 386 312 184 140 7 617 414 96 106 317 211 132 141 167 136 63 963 582 309 129 584 25 104 95 453 77 113 83 794 209 162 117 447 419 207 154 468 542 268 173 738 391 222 176 599 242 190 120 
39 696 104 135 129 88 546 241 81 155 217 118 70 144 231 139 76 354 185 153 145 77 404 229 165 362 0 79 29 6 618 414 95 385 312 182 136 105 318 213 132 201 90 114 84 140 162 132 71 926 570 350 148 448 75 111 82 579 21 109 94 781 189 167 130 726 387 231 165 448 419 207 151 469 542 265 173 601 238 181 118 
40 169 236 114 68 86 548 246 79 156 218 117 66 701 92 108 129 77 407 228 161 354 183 153 147 173 89 119 78 384 311 182 138 359 0 78 27 108 317 210 135 4 619 418 95 141 161 127 73 903 541 347 177 710 375 237 157 573 14 108 92 777 192 155 125 447 68 101 83 471 542 262 174 448 418 206 152 599 231 166 118 
41 88 550 242 80 156 218 118 68 355 0 82 26 170 236 113 69 351 186 153 140 75 405 231 166 384 310 180 138 137 85 141 77 108 316 209 134 2 621 425 91 132 153 137 84 570 9 107 90 444 63 101 81 881 529 351 192 707 372 216 149 768 190 160 118 471 542 262 174 448 418 206 152 595 221 164 121 
42 681 91 122 119 153 217 120 71 85 548 243 81 348 188 155 136 142 86 132 72 171 232 110 75 384 311 179 137 75 406 229 163 108 315 211 137 5 621 422 91 567 0 105 97 760 183 159 119 134 142 133 81 430 57 110 76 701 357 211 156 855 518 356 205 468 542 268 175 446 417 210 148 594 217 159 113 
43 667 85 129 114 86 549 241 82 762 178 155 118 154 216 119 75 383 310 181 138 346 186 152 138 76 403 228 168 171 230 109 77 106 311 212 142 2 621 425 90 105 83 146 68 841 505 337 213 136 143 129 79 562 0 110 91 427 53 109 77 689 350 212 151 589 208 158 117 468 542 270 175 445 417 210 149 
44 84 548 244 83 754 174 149 118 384 310 176 136 172 228 106 81 155 215 118 77 659 81 136 117 75 404 230 167 106 310 211 144 830 486 333 226 3 622 423 90 342 182 152 144 135 142 129 82 673 345 218 140 75 77 159 66 568 0 98 78 425 43 102 78 588 207 150 115 467 542 271 176 444 417 211 148 
45 174 227 102 82 138 153 126 84 662 72 114 131 83 550 246 81 155 215 116 76 383 311 176 134 74 406 232 166 108 311 209 141 344 184 148 140 127 136 126 84 797 477 352 234 743 171 150 114 2 621 430 91 53 73 164 67 552 0 104 75 674 332 202 139 420 30 103 83 582 196 153 121 468 540 269 180 446 417 206 148 
46 658 68 114 132 80 551 251 80 381 309 174 134 174 228 104 79 154 214 119 78 77 397 223 171 343 183 146 139 105 311 216 151 127 136 125 86 21 61 180 88 0 623 433 89 806 446 313 264 741 164 144 113 419 24 101 85 550 0 105 66 667 330 195 134 446 416 205 149 466 541 271 178 579 196 151 114 
47 173 230 104 76 382 309 171 133 82 548 248 82 644 68 130 128 812 424 277 271 79 397 219 171 155 214 119 74 123 135 131 85 5 63 166 70 342 179 145 139 0 624 434 87 107 307 212 157 408 20 105 75 735 159 142 113 548 0 99 60 465 542 274 175 661 318 189 135 444 415 208 148 565 191 157 111 
48 647 64 111 129 83 546 248 83 380 306 169 131 81 396 217 168 793 411 282 262 6 66 149 73 157 212 118 77 0 623 431 88 343 172 146 142 110 309 210 152 123 130 125 89 725 150 148 117 406 13 103 72 548 0 92 54 559 185 154 115 654 309 188 133 466 542 270 175 445 414 206 146 
49 638 60 120 121 635 45 116 128 84 547 245 83 381 303 168 129 82 394 216 167 0 57 137 81 770 409 294 241 342 168 145 144 1 623 428 87 111 309 210 149 157 210 116 83 124 129 119 85 718 150 145 109 539 0 95 52 638 302 194 128 558 180 152 113 403 8 99 72 443 411 208 144 463 542 275 174 
50 625 57 110 97 647 111 101 68 84 545 244 84 83 401 212 156 343 164 137 143 380 302 168 130 764 405 269 217 3 622 424 89 112 308 209 151 156 205 118 85 0 45 107 79 636 288 188 130 115 127 126 86 536 0 96 46 708 151 150 97 556 180 151 103 402 0 91 72 431 411 207 144 467 544 268 171 
51 0 580 446 140 619 52 112 102 85 545 242 85 1206 533 71 174 378 301 170 129 85 399 210 158 111 311 207 144 729 388 297 223 341 160 134 144 156 204 119 84 3 624 423 87 112 122 129 91 2 43 82 83 534 0 91 40 704 141 140 109 400 0 89 67 636 282 180 128 468 542 265 174 430 407 206 148 559 175 145 104 
52 0 580 449 140 1192 534 85 166 88 544 239 86 610 47 125 103 377 301 171 127 159 202 116 87 531 0 93 36 113 314 205 134 747 388 255 197 337 158 135 141 84 395 213 164 1 623 424 88 90 117 151 106 0 35 61 93 698 131 139 113 400 2 89 59 633 275 170 127 553 168 151 105 429 406 207 150 463 543 271 173 
53 625 94 101 67 369 284 177 137 128 253 112 47 157 198 118 89 606 38 102 90 86 543 242 85 1166 492 115 199 115 313 203 137 0 39 35 82 82 393 218 173 334 158 142 138 1 620 426 92 697 136 140 93 740 373 244 202 75 118 162 85 626 269 172 122 549 164 150 109 389 0 96 54 462 541 273 173 427 401 210 152 
54 372 301 172 124 367 282 176 138 116 294 187 101 622 92 99 64 127 253 114 48 159 198 105 65 87 542 241 86 600 31 107 100 112 311 205 139 82 396 218 167 0 622 427 91 619 258 164 126 81 117 144 85 386 0 93 48 687 129 138 99 335 152 138 140 538 154 152 108 732 359 237 210 460 540 277 176 425 398 213 150 
55 367 299 177 127 365 279 177 137 118 294 183 104 126 252 118 49 618 87 98 65 1118 454 164 236 155 195 111 68 89 537 238 88 589 23 113 107 81 395 218 171 112 310 204 141 1 621 426 92 383 0 88 41 610 244 165 121 683 120 139 106 727 349 234 196 545 151 145 107 333 139 144 139 463 539 271 178 61 105 156 103 425 395 210 151 
56 364 279 175 135 116 259 139 78 154 195 110 66 598 74 109 66 678 123 133 95 582 21 107 98 1102 444 173 203 90 535 237 90 81 393 218 174 114 310 201 142 378 0 92 39 4 621 420 91 616 247 151 113 547 157 141 94 331 140 137 135 703 340 241 190 52 104 155 103 464 537 269 180 424 392 214 150 
57 361 277 177 132 595 68 105 69 152 192 116 73 579 13 104 89 90 531 236 92 604 243 151 116 81 390 216 178 112 306 205 148 379 0 83 32 660 113 148 107 7 621 413 92 1076 421 199 201 542 153 135 93 33 101 166 99 321 138 138 135 460 536 274 179 419 389 215 152 700 328 222 194 
58 361 274 179 133 152 191 117 72 351 276 177 128 569 7 114 103 89 531 238 92 378 0 83 30 80 388 217 180 114 306 203 147 1063 401 218 202 602 236 145 115 3 622 419 91 657 113 143 92 540 152 133 87 321 137 138 137 23 101 166 100 692 312 223 208 444 533 282 178 415 387 218 151 
59 363 271 174 134 152 192 117 68 564 0 109 115 354 272 171 129 372 0 81 28 112 306 205 148 88 531 240 94 79 390 219 180 1042 398 236 199 593 229 144 114 3 623 420 90 649 113 144 87 320 135 137 136 534 150 135 88 16 105 155 95 689 306 212 192 441 534 288 176 419 379 201 147 
60 364 268 168 132 356 268 167 128 117 289 191 112 372 0 79 26 150 189 118 75 87 531 241 92 559 0 113 115 111 301 205 152 78 389 220 181 590 225 143 112 0 623 426 90 652 111 135 83 533 144 129 94 1015 387 256 193 319 132 138 138 9 104 157 95 671 300 219 180 441 533 288 177 418 379 198 146 
61 361 265 174 132 357 264 165 128 118 289 190 108 367 0 88 24 153 189 114 72 79 389 218 181 557 0 110 111 111 301 204 153 91 527 232 96 0 625 428 88 587 219 145 108 642 104 136 87 1005 369 241 199 0 97 161 100 316 129 140 137 533 138 125 92 665 295 206 176 441 531 284 180 417 375 197 149 
62 549 0 114 98 363 263 170 134 118 285 192 117 80 389 219 179 112 299 204 154 150 183 118 85 92 527 233 95 0 625 430 89 642 105 131 82 314 125 139 136 583 215 139 105 0 95 152 101 660 283 200 181 987 362 240 184 534 135 119 92 440 527 287 182 416 372 197 141 
63 362 259 171 134 358 258 158 126 80 384 219 183 149 180 121 91 115 299 201 153 580 209 134 112 0 98 138 91 95 524 229 100 0 624 431 88 648 269 203 190 311 121 139 129 634 93 140 84 535 129 116 95 970 351 244 184 441 523 283 184 414 368 196 141 
64 362 258 175 132 148 178 122 87 547 18 100 66 118 301 195 144 0 93 128 83 79 379 219 186 963 628 323 89 563 197 140 111 93 521 231 101 0 625 435 86 642 259 200 188 533 125 118 97 308 119 137 128 963 332 218 181 633 92 135 82 443 520 277 189 413 365 194 137 
65 357 246 151 119 118 234 138 87 963 602 320 122 531 0 99 71 80 373 217 192 148 176 118 88 545 20 98 61 129 287 175 125 0 88 97 93 0 625 432 85 98 518 225 105 531 125 111 90 563 193 139 111 634 88 117 80 940 322 229 184 439 519 279 187 304 118 135 126 630 263 204 167 410 361 196 138 
66 353 241 154 124 117 233 140 88 948 573 328 139 79 376 219 187 535 12 95 64 148 175 116 88 132 302 175 133 0 626 433 84 99 514 224 110 531 125 111 84 561 194 138 106 0 88 89 91 296 118 140 127 443 517 271 189 924 314 233 180 621 87 123 76 623 256 198 161 405 359 203 136 
67 353 235 152 129 951 609 312 104 115 234 142 84 87 352 203 185 902 569 378 147 523 0 99 66 128 284 177 129 148 173 117 90 0 623 433 91 0 86 68 89 97 510 225 112 558 187 138 107 444 514 267 193 617 83 121 77 917 309 212 166 291 114 136 129 530 115 111 86 616 250 196 161 403 354 201 132 
68 115 234 142 80 351 232 149 125 520 1 101 62 88 351 203 186 127 281 179 134 549 183 120 97 0 83 55 94 0 621 429 93 901 294 212 172 148 173 118 88 877 542 349 177 99 507 224 113 615 78 116 80 447 506 260 189 531 115 108 83 288 111 139 129 403 348 199 137 612 244 187 158 
69 115 235 144 77 0 91 33 79 350 227 148 123 89 353 200 181 3 620 428 93 127 279 178 137 510 0 99 59 148 168 109 79 610 70 117 81 99 504 225 118 547 182 123 94 885 281 213 177 446 505 255 193 282 106 142 129 860 527 340 199 530 113 108 83 402 338 193 131 608 240 186 156 
70 532 695 240 30 115 232 142 79 89 348 200 190 128 275 177 141 505 0 100 51 12 619 409 99 351 224 144 121 832 516 333 215 148 166 108 81 98 502 224 118 270 98 138 122 547 176 120 97 598 68 118 77 877 255 196 186 532 109 105 79 444 505 254 189 601 232 182 147 402 338 191 131 
71 117 234 141 72 352 223 141 117 800 494 354 211 131 274 173 141 91 348 197 189 502 0 93 49 14 617 401 103 95 502 227 118 544 172 121 95 148 164 106 78 530 107 108 82 599 64 113 76 264 97 142 122 440 505 251 185 863 258 196 164 597 229 173 138 399 338 194 126 
72 117 237 141 64 351 220 137 111 128 273 175 139 89 349 200 186 502 0 89 47 93 499 232 123 12 614 408 104 541 169 117 93 809 480 322 233 532 104 107 82 148 160 103 79 255 96 146 124 598 62 107 72 439 504 247 181 399 332 193 128 594 222 170 135 846 250 196 163 
73 531 103 106 154 124 271 181 142 89 350 200 181 96 489 220 118 536 98 103 95 500 0 87 44 18 611 401 105 350 218 136 112 806 455 297 264 145 157 108 79 593 45 104 79 241 95 150 121 437 498 247 181 817 245 220 151 389 326 194 126 589 210 163 140 
74 531 151 105 101 493 0 86 39 91 348 197 174 122 271 183 139 503 674 257 48 535 95 103 98 346 215 137 111 12 614 408 101 785 435 292 265 99 489 216 115 142 155 102 76 578 39 115 83 436 492 244 184 236 95 144 119 390 318 185 128 586 201 155 144 825 223 194 161 
75 121 219 132 65 129 271 174 136 96 349 189 159 18 614 397 103 526 153 109 95 343 215 141 107 486 658 283 59 766 421 288 250 102 479 210 120 538 89 99 85 137 152 107 79 218 92 149 123 576 34 113 83 391 313 179 126 437 484 237 185 821 224 182 150 582 194 158 147 
76 123 216 129 68 517 150 116 91 343 213 141 108 18 615 399 102 133 269 169 131 93 346 196 163 100 477 212 118 544 84 97 95 478 657 292 59 133 153 108 78 760 413 268 235 210 87 154 118 572 32 107 77 392 309 171 126 438 480 235 184 574 188 164 153 818 223 165 144 
77 124 211 124 73 514 148 117 87 13 616 407 101 338 197 146 112 129 267 171 138 92 342 195 172 542 76 103 104 129 154 109 77 475 654 290 62 101 473 211 120 201 81 148 123 736 400 288 232 568 21 104 71 393 303 171 126 433 476 237 184 570 187 155 135 809 219 164 138 
78 470 0 80 24 9 622 411 94 126 259 171 141 333 194 152 110 92 341 197 170 184 78 154 118 737 398 274 227 130 143 104 78 507 138 104 94 483 651 272 64 101 468 210 121 536 76 104 91 566 17 105 71 427 473 245 180 391 303 171 118 568 186 152 129 797 211 161 132 
79 122 212 125 66 9 619 411 100 125 257 170 142 92 339 197 171 327 189 153 109 552 15 108 70 126 142 100 79 176 74 148 125 476 644 283 69 102 461 209 129 504 137 108 92 733 389 241 197 539 76 97 69 421 465 251 174 387 293 165 123 566 180 152 128 793 210 157 125 
80 0 589 471 128 124 251 175 149 95 308 193 174 102 141 122 79 144 71 167 121 324 184 151 109 547 10 106 71 101 456 211 128 498 134 111 89 469 642 289 70 732 379 227 202 544 70 97 76 421 464 249 172 384 289 163 125 559 171 150 131 784 188 155 136 
81 127 192 122 75 131 70 164 116 0 581 464 134 99 307 185 168 124 250 173 148 322 178 151 109 106 139 113 72 472 636 282 75 493 132 111 82 546 5 99 58 98 450 217 130 543 63 100 78 409 463 255 160 699 361 259 205 552 166 147 130 385 282 160 125 779 188 152 135 
82 130 249 164 150 118 69 168 114 102 305 178 164 0 580 454 138 129 188 117 79 493 125 103 82 536 1 101 62 478 630 276 81 105 138 112 74 324 173 147 110 100 450 215 124 541 56 103 81 412 456 240 158 548 164 144 124 383 277 161 122 694 350 246 197 768 185 155 127 
83 90 64 173 115 102 293 179 179 0 575 446 141 126 247 167 154 127 186 116 76 97 135 115 76 529 1 107 59 479 117 104 84 321 166 134 108 474 624 271 91 540 49 105 84 101 449 212 125 546 157 141 125 382 270 159 123 408 448 235 165 764 180 153 126 689 348 225 183 
84 0 573 443 139 104 302 175 161 1185 555 99 172 61 51 186 113 121 248 173 149 121 184 126 76 524 0 106 56 83 128 114 85 319 175 134 94 468 619 272 99 474 114 105 87 105 433 197 133 547 47 90 77 751 176 153 123 378 265 160 126 402 445 238 166 686 335 220 192 543 149 134 135 
85 121 250 170 147 39 55 190 98 0 569 452 144 1156 549 123 172 119 183 126 77 521 0 101 51 72 132 123 81 472 115 100 81 313 177 137 88 461 612 278 109 105 431 196 134 545 46 93 74 745 176 147 114 376 264 162 121 665 323 236 192 403 442 233 161 537 141 138 131 
86 107 310 171 147 131 229 162 134 55 130 116 86 120 181 126 79 10 51 196 102 1124 529 159 181 0 568 444 147 514 0 94 46 456 111 106 82 305 172 141 89 662 322 229 182 437 602 297 119 101 428 203 128 739 171 143 112 537 36 97 78 398 436 237 160 372 262 161 113 531 143 140 125 
87 105 303 172 151 123 180 113 79 938 674 271 47 925 653 293 64 54 125 105 87 135 229 157 132 7 47 188 105 1102 506 182 192 0 563 436 155 449 105 108 84 508 0 94 43 305 168 137 94 441 598 286 124 654 311 222 176 538 30 95 80 106 425 196 125 527 138 139 127 375 256 150 116 734 165 136 115 393 430 246 163 
88 130 222 161 130 117 168 121 77 0 553 433 164 20 120 133 79 4 50 162 100 502 0 89 40 450 93 98 85 305 159 133 95 435 592 297 132 1092 493 188 205 891 638 335 73 105 416 198 125 524 135 137 120 538 26 97 79 649 302 213 174 727 160 138 116 389 429 246 161 377 247 141 117 
89 134 218 156 130 500 0 91 36 2 550 425 167 115 167 132 78 17 116 123 86 1074 483 205 182 448 93 96 84 296 153 133 96 647 287 205 182 441 578 280 137 104 406 202 131 536 18 100 78 401 418 227 164 514 128 138 118 720 149 141 114 375 244 140 112 858 614 340 105 
90 137 219 150 123 41 47 83 71 1 538 426 183 103 162 121 85 0 114 135 87 644 279 202 182 287 140 139 115 429 89 106 76 103 404 201 126 1060 460 219 183 846 597 343 125 536 12 97 73 394 411 228 163 502 126 142 117 442 571 273 139 368 237 141 109 709 145 144 115 
91 18 46 81 67 0 499 442 201 99 159 123 80 2 112 124 86 829 570 335 146 429 80 97 79 78 399 220 128 283 144 138 92 535 6 94 73 626 263 207 181 435 564 288 144 504 123 129 115 1038 450 245 171 372 228 133 109 707 139 139 116 391 403 225 161 
92 7 41 61 65 98 154 118 82 7 512 415 221 2 109 107 87 276 133 142 98 799 548 319 162 105 388 192 124 535 0 93 75 425 72 99 78 500 117 128 115 619 262 203 166 1013 437 268 177 435 557 278 155 367 219 139 111 703 132 138 118 387 401 228 150 
93 0 34 45 71 154 197 135 112 82 141 117 89 0 105 102 87 10 507 404 229 267 133 143 96 495 109 125 118 424 64 97 81 767 526 329 195 108 385 186 123 534 0 91 69 703 127 130 118 992 420 290 189 370 212 132 112 383 395 231 149 430 549 275 162 613 253 199 168 
94 113 262 157 144 146 193 143 113 0 102 80 87 260 129 142 95 4 487 418 224 411 57 99 78 492 98 127 122 73 139 120 91 764 498 292 231 533 0 88 62 702 132 129 96 371 209 129 110 110 381 180 117 431 542 266 174 379 392 237 143 612 249 191 167 984 421 281 158 
95 111 255 159 148 134 184 151 115 491 97 120 117 253 126 141 90 405 45 100 80 0 97 62 93 69 140 118 88 10 488 398 220 761 492 267 212 533 0 87 58 697 121 123 117 99 375 184 116 365 200 134 112 609 244 177 164 431 534 262 182 384 384 206 143 976 410 262 158 
96 111 255 158 141 133 183 154 116 0 101 42 84 244 117 141 104 739 481 280 187 481 98 127 112 51 138 130 87 402 38 98 83 9 479 399 234 531 0 85 54 103 369 178 116 694 118 124 117 608 236 171 168 363 200 137 109 428 532 260 186 387 382 200 136 961 392 257 173 
97 111 253 158 144 127 182 160 114 469 92 134 110 239 126 142 84 48 131 124 94 16 475 387 241 530 0 83 51 112 365 176 114 592 217 181 168 692 117 125 117 723 463 284 178 401 33 95 77 387 373 196 140 362 198 137 107 432 521 246 198 948 383 253 164 
98 234 115 132 87 461 87 136 112 42 133 125 88 527 0 87 47 99 358 185 116 15 468 386 247 688 117 128 114 718 453 266 187 382 23 105 74 385 364 196 139 586 217 180 160 359 194 136 111 428 514 245 196 942 377 243 151 
99 467 77 110 119 19 129 144 86 208 116 154 86 525 0 89 45 11 464 397 249 98 358 184 112 685 114 127 112 379 18 102 70 419 505 256 190 358 184 133 117 384 357 193 140 584 216 174 153 706 444 271 183 930 371 232 154 
100 126 175 162 117 448 83 129 103 13 134 139 78 207 114 143 85 524 0 88 40 102 346 175 106 355 189 134 101 682 112 130 112 12 452 399 259 378 351 205 138 421 499 252 188 375 13 100 69 580 212 168 152 686 427 281 182 921 359 234 157 
101 128 174 155 118 8 133 141 73 180 114 159 76 9 444 397 266 524 0 87 38 440 82 142 102 680 113 127 108 104 340 174 107 355 184 132 98 683 419 271 170 371 8 100 71 399 488 271 189 577 209 167 149 378 346 203 138 915 355 224 144 
102 0 126 134 81 524 0 87 37 454 77 115 107 177 112 150 78 107 333 168 107 9 435 398 265 679 112 129 108 368 9 92 65 347 170 137 115 385 334 185 141 569 208 169 146 673 414 260 170 397 484 270 183 908 347 221 144 
103 147 169 129 61 517 0 88 35 445 67 111 117 0 121 122 80 153 106 161 84 0 424 412 278 359 0 99 64 106 331 170 102 671 104 128 109 345 166 134 113 389 333 181 138 895 343 222 146 666 401 258 174 568 205 161 145 398 477 261 181 
104 518 0 82 30 0 123 108 86 439 63 112 115 126 97 167 111 3 409 404 299 108 327 166 100 353 0 100 62 391 329 177 137 659 395 244 167 341 166 138 110 669 103 129 109 565 200 160 147 887 331 213 144 407 474 238 177 
105 111 210 159 142 516 0 80 28 0 117 87 85 103 328 170 95 411 63 144 95 2 408 407 292 350 0 95 57 649 390 244 156 392 324 173 134 563 191 161 154 667 102 128 107 338 171 143 95 882 329 211 143 398 459 240 183 
106 136 164 134 64 106 93 150 79 509 0 89 27 0 114 71 88 100 323 172 97 1 402 412 317 347 0 88 52 642 376 249 160 411 60 132 97 392 318 167 131 664 98 127 113 334 165 144 98 554 187 162 137 881 326 198 130 398 454 231 173 
107 122 161 134 65 108 197 164 154 67 92 183 97 98 323 178 92 506 0 93 26 0 381 409 344 0 112 57 91 402 38 128 118 641 371 239 164 345 0 88 51 394 314 165 128 662 92 127 119 326 163 142 90 554 187 160 138 876 316 197 136 398 446 227 173 
108 108 196 159 150 45 88 183 90 108 322 168 85 506 0 89 23 0 116 41 82 1 382 409 352 413 44 113 101 344 0 84 45 661 103 127 94 626 364 247 162 391 307 170 129 400 438 220 176 863 310 202 136 320 151 136 106 554 187 158 135 
109 28 86 172 76 105 170 156 130 119 314 141 78 112 199 154 148 0 117 28 78 89 145 160 102 337 0 86 43 1 390 418 344 396 36 120 100 667 102 116 92 621 354 248 162 388 304 175 127 855 305 199 138 398 430 220 175 553 186 153 133 315 147 140 106 
110 9 84 161 78 996 622 297 103 82 139 160 111 333 0 88 40 104 174 158 133 118 312 146 75 397 30 109 105 0 381 418 343 611 351 240 152 672 104 109 90 395 288 161 137 841 298 210 136 392 424 223 177 303 139 145 113 553 182 150 136 
111 333 0 80 38 102 182 160 120 0 77 159 86 114 202 150 139 128 306 143 78 973 603 301 124 382 24 115 97 0 379 412 350 74 145 160 103 673 102 109 93 611 348 225 146 831 285 213 139 552 179 146 136 397 292 154 127 388 412 224 180 295 135 142 117 
112 925 580 376 125 109 191 155 116 0 67 135 87 115 304 155 77 3 367 401 355 65 140 150 101 379 20 114 96 601 345 232 145 674 99 108 95 548 178 146 136 396 287 153 127 286 146 147 93 394 410 217 171 830 285 201 133 
113 114 305 155 70 0 64 113 93 129 189 139 127 1 351 407 370 374 7 111 101 601 330 214 152 45 143 173 99 277 133 146 109 676 97 112 95 398 403 211 166 396 279 150 126 544 175 147 135 831 285 194 131 
114 0 245 431 494 120 191 142 124 0 63 84 90 372 5 106 98 32 136 171 105 597 328 209 152 674 95 121 98 392 396 215 162 394 275 148 121 543 172 145 134 263 131 147 109 829 280 184 128 
115 886 540 359 177 131 293 139 64 0 353 391 357 0 63 60 87 368 3 107 93 113 189 155 125 28 133 160 103 668 88 131 113 591 327 210 149 542 175 144 127 392 273 151 120 393 392 212 159 254 142 146 84 825 275 184 129 
116 878 522 354 201 96 206 170 143 0 253 433 480 367 2 106 91 26 132 154 105 109 182 157 127 581 320 223 151 680 94 133 97 539 172 146 128 390 388 212 158 397 272 147 119 238 127 151 106 822 274 180 125 
117 876 521 331 202 117 284 142 67 89 205 177 147 465 658 292 58 0 252 434 477 367 3 105 84 7 120 159 117 105 179 162 138 690 98 131 92 578 315 206 144 539 171 137 129 374 387 217 151 393 268 150 118 227 139 145 81 814 272 179 123 
118 852 510 322 219 120 284 135 60 471 661 273 56 113 178 150 130 356 2 104 80 0 120 152 120 694 93 157 107 576 311 202 142 394 264 150 118 378 372 206 156 538 170 135 127 202 126 154 95 808 272 177 121 
119 838 485 319 227 0 333 382 389 122 274 128 61 111 179 154 129 356 0 100 79 570 309 201 142 470 644 271 72 2 120 144 117 395 262 151 115 699 93 158 106 186 123 156 96 536 167 133 128 381 368 200 149 802 270 183 120 
120 842 476 311 244 0 250 441 479 120 270 131 58 563 309 193 138 351 0 101 75 474 631 267 85 108 173 153 127 710 95 162 105 1 119 126 124 391 261 157 115 182 131 143 87 535 165 134 128 380 361 199 151 800 269 181 115 
121 813 469 299 248 0 335 390 379 551 302 200 139 349 0 97 69 471 623 267 92 156 128 154 85 110 167 150 132 0 128 113 107 711 95 178 100 534 165 132 130 393 246 148 119 377 354 199 151 798 265 169 109 
122 809 452 278 263 112 129 153 119 0 260 433 460 134 123 152 89 350 0 93 68 0 129 91 108 546 290 203 135 473 614 260 104 105 164 152 134 732 100 165 93 392 239 154 128 535 166 128 130 376 350 200 147 797 266 168 106 
123 793 442 277 270 143 128 125 79 8 294 391 397 101 161 151 138 349 0 93 65 103 127 158 116 0 129 74 104 543 289 201 134 737 98 171 97 463 602 275 119 389 237 152 131 532 167 133 131 374 347 196 142 795 263 166 109 
124 786 448 273 255 9 285 387 410 343 1 91 59 81 123 167 83 96 171 155 122 547 287 190 134 759 96 191 100 0 116 57 121 462 597 273 124 529 166 136 131 382 236 159 130 370 343 197 141 793 262 163 109 
125 777 431 258 248 9 280 387 414 73 132 173 103 531 286 197 132 773 95 186 101 0 129 37 95 341 0 91 56 94 170 155 117 49 121 177 75 466 576 267 132 527 166 138 129 377 235 155 124 370 327 188 151 789 260 164 108 
126 773 414 247 246 38 125 187 97 785 96 188 102 12 122 202 71 82 167 163 112 529 280 191 131 339 0 88 54 377 231 156 122 525 164 140 132 446 561 272 154 785 260 163 108 371 325 183 145 
127 753 412 253 240 0 247 423 458 781 92 197 110 336 0 89 51 0 117 183 72 374 224 157 119 520 275 193 134 524 163 140 131 70 139 166 128 784 261 161 106 441 559 272 157 366 322 186 139 
128 745 402 258 250 822 82 175 104 332 0 91 44 0 102 165 96 519 270 181 133 368 221 160 119 512 158 150 131 52 141 175 118 440 549 267 167 777 244 160 116 364 316 186 139 
129 741 412 255 227 331 1 91 37 835 80 168 95 355 212 165 117 2 110 122 77 512 260 181 132 523 158 140 124 51 139 169 118 443 538 257 178 772 237 164 119 361 307 189 138 
130 745 378 234 234 355 199 157 112 0 106 108 78 509 255 179 127 525 159 137 120 863 77 177 101 44 142 164 111 437 528 258 191 360 307 184 132 769 236 165 113 
131 729 390 235 196 0 238 382 470 0 91 77 84 878 76 171 96 526 154 136 107 512 233 162 139 352 197 159 112 441 510 247 210 32 137 168 110 339 299 198 130 768 234 163 112 
132 2 239 409 466 727 386 231 198 0 246 385 460 713 119 69 74 901 64 189 120 903 80 143 75 526 152 139 111 497 239 168 128 0 93 46 79 437 502 245 199 20 135 167 110 350 189 159 115 338 286 194 134 767 227 159 117 
133 6 231 398 468 716 372 229 197 0 237 381 467 928 81 128 73 530 163 132 124 489 237 169 130 11 126 154 110 439 495 234 190 348 184 151 114 763 224 163 113 341 284 189 133 
134 711 378 221 189 0 228 380 463 937 74 116 68 505 151 155 112 0 122 151 110 482 233 169 129 337 185 158 107 435 483 236 188 760 221 162 107 337 278 187 135 
135 697 345 226 199 5 219 367 477 960 64 218 91 528 150 136 119 0 123 140 101 432 475 237 180 334 175 153 109 469 226 173 129 762 221 155 106 340 270 178 130 
136 691 344 219 190 9 214 360 480 960 62 226 95 527 150 136 118 0 121 130 102 422 458 250 185 461 221 171 128 324 170 164 106 760 218 159 106 337 264 175 131 
137 25 215 361 484 686 335 221 195 527 146 141 124 0 116 110 103 459 213 167 123 323 167 148 96 422 448 246 179 755 211 153 108 339 262 166 124 
138 29 208 352 488 686 321 212 204 528 146 133 122 0 110 92 100 446 213 169 114 449 629 328 86 309 155 157 103 421 439 228 178 753 202 151 109 334 256 167 122 
139 29 191 352 487 674 326 216 186 29 213 322 449 527 143 132 129 1084 66 124 80 0 120 79 95 439 203 161 110 438 616 341 102 416 434 229 172 748 201 155 110 317 163 140 88 334 253 167 121 
140 672 334 211 172 30 213 322 425 668 315 212 172 528 141 129 129 0 106 59 104 434 610 333 106 427 202 161 109 414 431 230 161 315 159 134 86 746 199 156 112 321 242 178 124 
141 45 218 316 408 1115 68 161 77 664 305 208 188 521 142 141 127 0 109 39 92 445 595 308 130 417 203 162 105 411 425 228 155 307 153 132 89 748 199 151 111 323 244 169 117 
142 659 300 199 190 49 230 307 380 0 105 25 97 521 143 131 126 441 579 311 130 409 198 158 113 408 418 222 154 296 150 130 86 749 201 148 109 321 242 164 116 
143 57 237 291 362 456 24 77 52 651 298 201 186 521 153 133 125 421 568 324 148 405 405 219 161 289 146 127 90 395 190 164 121 745 202 150 106 326 234 154 118 
144 67 196 273 385 285 143 130 97 534 149 118 116 399 394 220 158 421 559 316 155 747 202 147 106 388 186 159 116 328 224 147 122 
145 641 279 204 190 65 192 275 379 337 185 176 116 22 149 115 95 388 179 129 109 532 146 123 124 273 138 129 74 748 199 145 108 419 548 310 158 327 214 145 122 394 388 221 151 
146 637 279 194 177 48 179 291 383 10 142 112 96 741 190 147 113 386 177 126 101 274 130 121 84 513 144 141 127 415 525 303 196 312 210 151 122 397 382 205 142 
147 636 280 193 171 45 167 295 390 604 21 78 51 274 128 113 89 389 172 119 98 332 181 172 113 5 143 111 82 396 370 206 144 742 184 145 116 514 138 138 131 411 517 304 201 320 205 140 122 
148 636 283 183 163 273 128 109 89 342 151 159 109 252 124 121 62 327 171 171 120 5 133 102 98 739 180 143 117 387 357 220 143 514 138 137 129 411 511 294 200 317 207 139 115 
149 634 291 179 149 52 158 281 348 323 148 167 111 2 129 101 93 735 180 151 104 401 489 294 214 380 343 232 146 248 115 118 74 304 184 160 124 514 133 134 132 
150 625 259 182 158 69 137 243 370 625 259 182 158 734 178 152 99 318 144 169 111 227 111 124 79 0 122 103 94 384 333 206 142 410 467 278 242 308 183 147 121 514 130 136 132 
151 624 259 175 150 73 146 259 344 774 19 85 52 336 154 135 86 734 176 149 100 935 652 311 70 0 117 95 83 223 107 115 73 386 329 199 135 407 448 271 257 513 127 135 134 308 184 145 114 
152 621 251 166 157 72 152 263 334 317 148 129 63 59 661 206 61 30 649 264 67 734 173 146 102 221 99 113 67 382 320 199 130 0 114 89 88 899 631 328 87 403 436 263 252 511 127 135 133 312 180 135 113 
153 68 109 276 375 617 239 168 166 69 122 244 348 197 96 124 63 312 145 131 69 29 634 266 80 731 173 147 102 0 111 82 92 511 129 138 132 307 190 140 100 896 619 331 102 380 311 197 134 391 449 268 186 
154 610 208 169 184 71 114 240 354 737 171 141 106 292 139 138 77 0 107 60 99 882 617 345 108 27 625 264 91 511 132 140 130 309 168 130 112 378 310 192 133 388 438 267 191 
155 606 210 174 178 71 95 241 370 732 173 141 109 0 113 46 88 291 138 135 78 307 191 134 97 512 134 140 130 24 606 278 113 380 308 185 127 855 599 339 127 389 427 258 189 
156 80 100 251 362 606 203 171 192 71 91 242 372 739 175 136 116 289 141 128 71 309 183 126 97 34 595 260 132 377 307 187 122 512 134 136 133 854 587 320 141 386 420 252 195 
157 609 196 161 200 72 93 258 365 289 137 126 74 739 173 136 122 308 183 127 96 514 136 133 132 32 580 263 135 854 567 300 153 379 304 181 122 385 412 248 200 
158 79 107 258 327 602 196 160 191 74 104 253 342 286 135 125 74 739 179 140 118 826 561 302 155 304 180 122 102 514 141 134 128 377 294 177 121 377 406 253 184 26 566 269 148 
159 83 122 248 306 590 198 169 187 73 115 237 322 284 140 101 67 742 191 132 103 514 147 134 122 369 290 178 127 819 545 294 173 300 181 125 100 380 406 246 183 36 555 259 160 
160 585 200 171 185 76 125 230 302 277 140 106 68 514 147 135 124 739 181 134 125 367 289 174 128 807 534 297 180 296 182 126 97 378 399 243 181 46 545 239 171 
161 582 203 174 179 75 127 232 292 3 89 175 74 278 138 96 65 809 527 276 192 356 286 194 123 514 147 140 121 739 183 133 123 292 181 126 94 375 392 245 175 49 530 235 187 
162 580 200 174 180 77 124 227 291 275 133 79 68 0 87 135 80 786 516 284 201 359 282 186 120 515 146 139 124 739 185 132 122 368 380 237 179 289 175 127 97 51 515 234 199 
163 578 200 173 175 79 128 221 279 784 508 279 211 358 277 191 125 0 83 131 79 513 146 141 126 366 372 234 183 739 186 132 122 53 501 229 199 288 174 121 95 
164 578 197 172 176 81 105 216 290 772 501 260 199 357 282 191 113 0 79 126 83 515 146 139 126 364 358 231 183 289 172 116 95 739 186 132 121 54 495 229 177 
165 578 201 172 170 84 97 215 296 0 81 111 78 519 152 134 132 777 487 251 196 350 279 162 112 287 171 110 94 362 358 229 173 738 190 132 120 55 472 227 189 
166 577 204 171 167 86 99 208 283 0 81 91 75 518 154 134 133 350 274 162 113 774 479 243 197 56 471 225 180 363 356 221 165 288 174 105 90 736 191 132 118 
167 576 206 168 163 89 99 201 275 0 70 66 77 519 154 133 133 349 270 163 112 749 467 263 202 286 170 108 93 366 352 214 162 56 458 228 180 736 192 132 117 
168 576 207 160 160 91 100 197 270 519 159 124 131 0 61 55 93 350 267 156 104 747 460 261 183 363 349 215 160 284 168 107 94 56 452 226 169 735 195 134 115 
169 573 206 168 161 92 97 195 269 391 18 74 51 518 162 123 130 15 132 84 101 347 265 149 103 482 647 267 71 284 172 100 88 60 444 221 170 359 344 213 158 745 453 249 193 736 195 132 116 
170 518 161 159 137 572 207 164 158 94 97 194 264 12 134 88 96 519 161 123 135 476 629 259 84 345 252 153 107 737 451 244 189 283 163 93 89 357 337 210 161 60 432 219 175 732 197 136 115 
171 568 207 165 156 93 98 195 261 519 162 123 130 438 21 77 52 342 250 148 109 471 614 255 104 733 442 236 187 355 315 205 167 281 161 92 89 62 426 219 171 729 196 139 116 
172 519 163 162 135 569 207 161 153 93 96 195 259 466 23 77 49 7 127 100 102 519 163 122 130 454 595 262 130 337 247 152 107 723 435 241 190 281 159 89 87 353 313 203 165 63 417 219 166 730 196 139 116 
173 569 206 157 152 92 93 198 261 6 126 99 101 519 163 122 129 495 20 79 53 278 153 93 90 451 564 255 162 337 239 153 110 712 427 242 187 354 310 199 159 729 196 141 116 63 411 216 158 
174 568 206 153 148 93 92 199 259 522 23 80 52 517 162 128 122 2 123 100 97 278 148 88 92 713 421 236 187 333 238 159 107 725 194 144 118 65 402 211 159 351 307 197 152 445 555 254 160 
175 563 206 149 141 95 90 193 255 7 96 100 93 517 163 126 118 1 124 85 100 274 151 83 86 333 236 161 104 353 305 191 150 706 414 238 173 727 195 142 117 67 396 203 155 444 545 241 174 
176 563 206 147 137 97 77 189 246 568 205 149 143 5 90 107 84 516 164 127 115 0 119 68 98 332 233 165 100 278 148 65 90 347 296 201 151 700 408 232 174 440 525 224 197 725 195 143 116 66 388 204 153 
177 566 205 142 137 100 75 185 238 569 205 145 141 515 162 126 116 0 113 55 106 8 85 98 88 46 666 219 59 276 143 63 81 338 228 142 90 698 400 227 175 427 509 239 185 337 292 203 146 724 196 143 113 63 380 202 145 
178 565 204 143 137 99 74 187 234 569 204 146 140 517 164 118 116 647 21 89 55 0 105 37 96 33 647 248 69 2 83 100 80 276 139 58 85 339 225 139 89 422 496 244 189 693 393 224 180 338 289 199 145 726 195 140 113 60 374 201 146 
179 565 202 143 138 99 71 186 233 193 0 96 36 0 97 22 112 680 23 85 54 569 202 145 140 517 165 117 114 35 631 252 82 277 137 49 86 3 83 79 78 332 224 149 86 419 488 226 177 688 387 225 180 343 275 186 146 726 194 141 114 56 369 199 146 
180 533 179 171 129 97 69 192 233 571 201 141 137 514 161 126 116 208 2 90 35 331 218 153 78 682 376 228 182 0 79 62 79 31 612 258 105 414 478 220 169 339 269 185 147 725 195 143 113 54 359 199 153 
181 531 176 170 131 567 202 137 135 91 69 197 233 742 18 82 58 514 160 128 120 209 0 94 38 685 374 195 158 0 67 42 81 327 216 158 77 36 602 249 121 405 463 224 171 725 193 140 116 334 266 185 142 50 352 203 152 
182 673 378 236 169 532 177 168 133 566 200 137 138 88 66 195 235 515 164 116 114 329 217 177 124 213 1 100 36 681 373 202 157 327 214 157 79 39 568 248 151 332 260 182 140 402 450 217 172 725 195 143 114 22 347 226 147 
183 81 60 200 239 532 177 169 132 328 221 178 131 565 200 138 138 515 159 128 121 226 0 101 40 679 371 203 153 329 209 150 81 332 259 177 132 400 440 212 169 38 561 249 156 726 195 143 115 14 344 226 146 
184 78 59 203 234 531 177 170 134 565 200 138 137 514 160 129 121 674 365 206 158 214 0 127 44 329 207 151 79 390 433 220 159 333 255 173 127 43 542 238 175 727 195 142 114 0 343 240 139 
185 529 177 173 133 69 56 213 233 321 192 167 101 668 362 207 157 564 201 138 136 515 160 129 122 324 201 122 82 215 0 142 49 387 423 221 154 329 214 177 158 47 527 230 187 729 197 140 112 0 334 226 140 
186 565 199 136 137 529 177 171 134 61 63 223 222 565 199 136 137 514 161 132 124 225 0 148 52 664 358 206 159 320 199 126 85 393 417 207 146 47 511 229 199 327 221 174 150 728 197 142 112 0 330 220 141 
187 565 200 135 135 528 175 170 136 51 58 230 226 557 666 192 56 565 200 135 135 517 165 115 119 318 193 133 92 238 0 142 54 385 410 200 146 659 353 206 161 328 221 168 148 727 196 142 113 46 503 228 174 0 328 213 144 
188 528 174 172 138 564 199 135 136 44 54 236 232 516 160 131 128 503 638 252 72 245 0 155 55 320 192 124 77 656 351 205 156 380 397 199 144 728 198 143 111 328 225 166 141 51 485 219 172 0 327 212 140 
189 526 173 174 136 563 200 137 134 41 54 239 231 518 164 113 121 503 620 243 95 318 190 126 79 381 378 193 149 654 345 203 159 268 0 145 57 53 462 223 177 728 198 144 110 0 331 195 132 329 225 159 135 
190 524 172 175 137 561 201 139 133 33 53 244 229 518 161 131 128 494 604 251 117 318 187 124 82 652 340 198 159 380 376 188 145 280 0 155 58 0 327 189 137 728 199 143 111 57 456 215 168 331 228 155 125 
191 527 174 172 135 562 202 137 132 22 58 241 215 519 165 112 120 485 593 251 134 649 329 196 149 313 184 129 81 292 3 166 58 377 373 191 141 0 325 188 138 728 199 144 111 59 442 212 171 329 226 157 123 
192 528 176 167 132 562 202 138 132 12 53 255 207 520 166 112 119 649 329 194 146 314 180 123 82 472 569 263 153 0 325 185 133 377 364 186 141 313 1 166 61 63 428 210 170 728 199 145 111 329 222 153 123 
193 528 176 167 132 562 202 139 131 3 52 263 207 520 166 112 120 311 178 125 81 648 327 195 148 469 555 261 166 61 417 218 167 319 4 190 63 378 355 180 139 0 322 180 133 728 199 145 111 329 219 151 120 
194 528 174 169 134 561 201 140 132 15 44 235 214 520 165 111 120 308 174 129 82 0 314 172 138 646 324 194 152 464 546 267 169 64 412 218 158 341 5 189 63 379 351 173 130 729 198 144 112 330 214 149 122 
195 527 174 169 136 561 200 143 136 0 47 258 215 520 166 112 120 297 170 127 76 364 8 192 59 67 403 211 154 0 314 162 135 643 326 197 144 459 531 237 183 732 200 141 110 373 331 174 144 330 211 146 122 
196 526 174 168 134 569 202 150 134 0 47 246 213 299 178 164 111 519 163 128 125 2 318 153 132 634 326 196 139 295 170 126 76 70 399 204 152 732 200 141 111 461 519 232 198 397 11 175 65 373 331 171 136 328 209 147 123 
197 525 172 169 136 568 205 152 130 0 43 239 215 300 179 165 111 518 162 132 126 4 325 131 124 635 326 194 135 294 167 123 79 460 503 219 194 75 392 200 149 733 199 140 113 418 15 178 62 373 327 172 132 328 205 148 127 
198 525 173 169 132 568 206 153 130 0 46 234 210 519 163 131 124 0 352 114 94 300 180 167 115 637 323 187 136 75 387 202 149 452 500 223 181 289 163 126 83 735 199 138 114 440 15 179 64 324 203 153 125 373 324 164 129 
199 525 174 163 128 568 213 155 124 0 47 231 211 0 354 110 93 517 166 133 123 1 326 87 130 635 321 185 138 300 182 165 111 77 377 200 148 278 160 123 87 451 490 216 182 730 200 144 113 453 20 200 61 369 320 166 126 325 205 147 123 
200 524 173 161 124 567 217 158 121 0 45 226 207 517 167 132 121 3 319 78 134 633 315 183 144 451 481 208 182 79 372 198 148 731 215 145 102 274 159 121 85 487 19 193 64 368 316 163 122 324 191 147 122 
201 526 175 160 124 566 215 160 126 0 42 220 211 517 167 130 120 2 311 73 139 440 476 217 175 630 313 183 144 82 367 197 145 731 200 141 113 271 157 116 82 514 21 193 63 320 188 154 120 368 309 161 121 
202 526 173 164 128 567 215 159 124 0 39 199 213 516 166 133 121 0 304 65 143 243 147 166 96 431 456 231 179 630 312 181 141 272 157 111 81 87 362 194 143 732 200 141 113 545 18 199 64 369 303 156 120 312 185 151 112 
203 527 174 165 126 564 210 168 126 0 35 194 211 517 166 132 118 80 640 251 73 0 316 61 119 423 443 223 178 248 148 126 91 628 310 181 136 737 201 136 111 574 19 197 61 96 355 176 146 316 183 143 110 363 294 152 116 
204 527 175 164 125 567 214 162 123 0 36 185 206 517 167 132 118 522 673 212 49 0 333 56 118 78 626 257 85 424 435 212 173 239 145 126 89 626 310 181 135 737 201 135 109 597 19 203 63 316 181 144 111 100 352 171 141 362 293 150 110 
205 524 174 158 123 566 221 166 121 0 44 185 195 518 167 130 119 1 339 40 108 480 660 262 59 734 215 141 102 220 145 140 89 416 421 221 164 625 310 178 135 67 605 270 117 620 23 204 65 101 348 171 136 312 177 143 113 359 285 150 110 
206 523 172 161 127 565 221 167 123 0 48 177 187 0 344 32 97 517 166 132 121 734 215 142 102 625 309 173 135 78 591 250 136 646 22 206 65 212 143 142 82 472 644 276 77 100 347 174 131 415 422 213 154 309 173 142 119 357 279 148 107 
207 521 173 163 122 566 227 166 117 0 46 161 190 515 168 136 118 415 415 199 153 624 310 173 133 734 216 142 101 478 622 266 95 676 24 189 66 212 140 128 86 101 335 175 135 356 273 147 106 73 563 259 153 307 171 141 121 
208 0 52 147 181 520 174 167 119 565 229 166 114 515 169 137 115 412 407 195 160 622 312 174 132 701 26 198 66 732 217 144 99 458 607 286 113 103 330 172 136 185 140 154 84 305 171 141 117 355 276 146 96 77 550 251 167 
209 520 175 169 118 732 21 246 69 565 226 164 119 3 49 131 186 514 170 136 114 407 396 196 163 621 310 174 132 733 216 144 100 450 598 291 124 106 324 170 135 352 266 147 104 297 168 145 113 175 139 154 83 81 529 245 187 
210 0 48 134 182 566 221 164 124 164 0 79 30 408 378 185 153 514 171 135 115 621 308 173 134 107 318 166 136 733 217 144 102 441 572 280 149 357 262 134 105 159 136 162 85 295 165 146 109 90 515 229 198 
211 0 49 117 183 566 220 162 127 513 170 137 117 620 308 174 134 408 379 181 147 110 315 159 133 734 217 145 102 440 566 282 149 288 150 148 114 149 129 167 93 359 261 127 105 86 498 232 196 
212 523 176 167 124 0 47 104 181 566 217 162 131 516 169 134 118 621 310 171 131 404 374 185 148 115 309 153 130 734 216 145 104 354 247 132 111 437 555 278 161 286 151 142 112 135 125 169 94 90 489 224 180 
213 525 177 170 127 0 48 83 175 566 216 162 132 181 0 87 41 621 309 168 130 515 170 135 119 117 306 149 127 733 215 148 106 400 368 191 148 115 124 180 90 350 238 136 115 440 541 257 162 278 150 146 112 94 480 219 171 
214 524 174 171 132 0 46 72 174 565 210 168 139 181 0 95 44 515 169 135 121 117 305 147 121 622 306 165 133 103 120 174 92 351 243 136 101 734 215 147 106 398 361 196 145 86 459 231 181 272 147 150 114 436 533 252 156 
215 524 175 170 133 0 43 61 179 568 210 161 138 515 169 136 122 622 305 164 135 180 0 110 48 399 357 176 134 118 303 144 117 351 241 128 98 734 215 147 106 85 118 179 95 423 520 264 152 89 450 226 170 263 145 154 113 
216 526 184 152 124 0 41 47 185 570 219 158 132 180 0 118 56 517 176 132 121 621 307 166 139 401 355 168 127 120 306 141 112 342 231 141 116 64 120 189 93 733 215 146 107 96 441 216 168 429 512 249 149 259 148 154 110 
217 523 184 155 126 567 220 167 134 394 335 174 135 517 178 133 121 117 294 145 115 198 1 112 57 621 308 166 139 346 240 130 96 51 118 180 95 731 217 148 107 430 502 243 154 94 433 219 166 251 146 158 111 
218 524 184 155 126 567 216 167 137 517 178 131 122 115 288 147 115 399 335 164 134 619 308 168 138 198 1 123 59 427 493 239 156 732 217 147 106 340 233 138 99 96 418 215 168 37 108 176 98 235 143 163 106 
219 567 214 166 135 618 305 168 139 516 178 129 120 395 330 166 135 114 276 149 114 214 2 121 60 414 474 245 154 19 109 182 91 733 216 145 106 342 231 132 97 231 136 155 114 103 413 203 156 
220 564 220 171 135 617 307 167 140 518 177 129 123 387 326 165 135 219 4 131 62 116 272 146 112 731 217 145 107 412 470 247 152 3 111 182 90 105 405 201 151 332 219 141 109 215 139 155 111 
221 563 218 175 138 112 279 153 102 616 308 166 137 518 180 128 120 236 3 123 68 390 321 160 130 2 107 165 92 734 217 143 109 412 460 241 148 108 397 192 152 334 215 134 107 205 137 162 112 
222 560 222 176 135 241 3 138 69 112 272 151 106 618 307 165 136 517 180 131 120 387 318 159 123 408 459 239 141 1 105 150 88 331 213 130 104 732 218 143 111 110 389 193 149 189 138 174 104 
223 561 223 172 134 551 225 161 127 178 0 81 39 71 673 216 49 112 268 151 101 250 3 152 68 518 179 129 122 617 309 165 136 0 105 137 81 114 373 188 158 324 217 131 93 389 314 151 121 733 219 143 110 408 453 235 135 182 137 168 107 
224 559 221 179 138 183 0 84 40 48 645 256 73 109 253 146 106 518 181 129 121 618 309 164 137 271 8 137 69 406 446 230 133 734 219 142 113 0 98 114 91 389 312 150 119 313 200 141 109 116 371 182 151 173 133 161 113 
225 560 222 174 134 560 222 174 134 187 0 85 40 616 307 166 137 518 179 128 122 107 252 147 105 282 10 147 69 50 630 260 83 1 96 89 88 384 294 149 123 732 219 144 110 407 428 213 136 117 360 179 148 154 127 169 117 313 210 139 87 
226 558 222 181 135 190 0 91 44 516 183 135 117 617 309 165 136 295 13 154 68 0 89 70 87 104 239 144 116 383 292 144 124 733 220 143 111 49 612 263 107 402 424 214 133 307 204 141 89 137 126 177 115 117 354 179 143 
227 560 220 176 141 197 0 91 47 321 19 148 69 517 182 131 122 384 290 135 122 0 84 55 95 102 229 144 121 619 312 163 134 57 598 249 123 732 223 145 112 301 197 140 95 121 347 171 140 125 127 175 112 400 417 212 133 
228 559 221 179 140 0 108 33 73 517 183 133 124 383 288 131 119 200 0 98 56 333 22 147 70 98 228 147 117 620 313 163 135 735 225 142 113 62 581 248 131 302 198 125 91 109 127 182 114 124 344 167 135 396 416 210 127 
229 556 224 182 142 543 219 170 135 0 112 12 65 96 225 148 120 350 24 156 74 381 286 132 118 515 186 137 123 204 2 101 56 737 228 141 117 620 315 164 134 125 335 167 139 63 567 248 153 94 126 182 110 392 412 213 124 298 200 128 88 
230 555 229 185 136 462 668 245 56 94 225 148 115 514 189 140 122 371 280 137 115 369 32 154 70 205 3 113 60 738 230 141 119 621 318 163 131 128 332 165 135 70 550 236 161 389 410 215 116 81 124 179 111 289 200 128 86 
